11060336714926503898
2738346454959901799
17079930339311030629
9959402491837877183
8611099400549874013
9780160693059979052
17234338515076652337
9089225547939770167
13885073574399175715
13383437611034591158
15638998563040614464
10729619030033160381
794980451423040912
1052704438527829942
13909226972291541617
11951235114740854541
141332799181134043
10932714556490456480
1411087943030682306
819805753326393681
12811551893881596038
17237523451962743208
409665839108200522
11349140241675131667
5560683324764560759
15691437421242379965
12118958220183411784
14919381549569369463
12330735299351956563
12463262483779628025
15901870089904652989
7556587470291484127
629746166432750916
5614787855642009069
889760318091791654
9770589012658981253
11754210820091847527
15208471827451709115
16818049110734891627
17743702087706851641
1390270309329537959
2478673192129479627
572124167195096331
83773040890938862
5013741565999691825
16122210562416030773
2636014330343370144
18343707534563226524
16783376344929645502
7716312933630120754
14945402808456183355
9725487848771850408
12099204833762942645
8326650685332968099
14267136754191490181
17433360662362793139
8302168285989013648
11568890632042206258
14460607080191901721
7959390919235540529
9515869864835409985
57095658643859060
7638552187759447089
1668062970992543190
13164380606858311714
13759882810177367215
14879055992515541036
5798107427614105546
585791101536233017
16130102512585172119
15631770205889022676
7806889758494809868
11093929764344837356
16855568448329895440
8204808143429891606
885957287235353181
10414066473250623940
7331996206542510370
4126819926849285821
1856597263046555710
1648538190880432912
9190708149788935290
2725455400745658533
3253960697668302183
3528788414883953267
9540114916786257058
18043977999137605157
6873846867482153788
9649436047226267675
7556555676943940715
10218269046691708783
13613125747282310562
16955322857870354696
3379989869183119792
6359625212589659022
15354543073796068240
1187085641465428950
1193680735471043182
10282568422787840677
8546555309145914499
2653047542061963832
8134993967152427639
15680826607066356364
4825024025795983580
2544236663995460557
2755331333259543382
16028659099613548579
3542224048150767339
15631768596054755154
14046730945517942469
9104830114790121115
17081752251553988195
3989281404895027621
5384394102325293971
3624891200373956711
9309564173776176636
16543287413106611384
7041758515666090859
17286464069309172405
871976452037895797
4996423031454383818
13901856156765072180
7071351295761505317
98674430872323241
8816308072464647720
11752037890864594253
1587181423352518618
17500932435879835136
13466259839926088793
8555343951087543330
9789689626794030725
12985463049352901466
17181076156565238221
13918975246270871321
16369619492087611507
14708780939220406806
1680560476309979414
2014853856871376793
3364352624369940391
13654552898603146414
11058032765271358746
1197340199451450812
4223776858144643208
5932838381149258378
17007933780826192509
13278916560325958654
2380807325893249437
8244672184703859342
6921384256303527305
16579002118864137710
5060589474022171613
10105694972319306127
2952697100698622863
5824026595678919616
11065341783003147735
9940713735793444749
1591622850523117334
11393104550488425262
2092772416904740191
15965116848278206332
4085768223736966716
1322780353163695963
18269755407414709090
361666885973893378
11460401999029706631
7959960767901078639
14185979305456250356
9811688172913500189
643630248064181123
14762002762287252144
16993030385730079144
17983756893773181122
16970089347622522585
3433376479875929889
10949706708856789803
908410339418811175
1590368012833704424
12863657072961758481
4923318476962973366
2544451917950425187
12953900850015482595
4300249990876974392
8563904939017892658
7514335795068126761
2630415531141265391
9740796325451328604
6157004240793685152
13355424076220328359
4549424749129546037
16653158217315122000
14089845146009804724
14192774383546128060
9257129329666744152
9224213201488626096
4385322503699549309
15949889234788710666
9174425141175686595
12135661110262973686
3163012472341055096
5485129292036232869
4946012396497930799
6669075892669289550
3561082302383759449
8540602954260832986
5715420801370637785
10463434530573053302
17684684835864919834
14941664621897242230
15011344837746365852
12416241705812562494
16179607946275911481
15338624417688168727
15124307386226649352
16277417357663283568
14625115908236104997
7361061899676520883
12021790958841161239
11730251201503458983
7146962225955945624
10367237607315474494
7978705333669018507
16875327576781514808
16450205371943550013
2368135712551129527
13410090998939264407
11852341181431615387
4841617253592100701
8968524738342483474
874562958977431131
17852410848572196793
3391118664839619654
972409915349490968
7497205863018990415
11232234079613346208
364017664968076599
6336473200258489161
16784073368685757511
14239860903609884124
5371977423681317614
7790228823515122410
12581528741323066929
17550520037541115532
4307168142689504865
7755931182439206977
5164012525304765807
4711672380410900022
18438732725385575731
9713086714064293546
3616831761969489898
3141648499555512486
3924443196502460774
3833719684113157236
16686950292160720513
7060163526417559051
9914316609733851979
3253366101891203241
