689531864

689532408

689486864

689489176

689489176

689489176

689489176

689475984

689476016

689481200

689481464

689474816

689474848

689474848

689474848

689468792

689468936

631216088

631216096

631216096

631216096

631215800

631215808

631215808

631215808

631215808

631216008

631216016

689523128

689523664

689523664

689482632

689482904

689482904

689482904

689527224

689527768

689527768

689527768

689497440

689533816

689485248

689483536

689487224

689487768

689530624

689527224

631215816

631215824

631215824

689497880

689499048

689481840

689481872

689528512

689528584

689528584

689528584

689475880

689474176

689469752

689470024

631215784

631215792

689507456

689505752

689505752

689496712

689496904

689496904

689496904

689496904

689496904

689486592

689480664

689494976

689517192

689471640

689472808

689472808

689526856

689526864

689526864

631215976

631215984

689476512

689476776

689535424

689531864

689531864

689473712

689474816

689474816

689474816

689474816

689474816

689474816

689478224

689476512

689476512

689516104

689511400

689511400

689486552

689486592

689486592

631215824

631215832

631215832

631216120

631216128

688838192

688835520

688835520

644661632

688749776

688749776

688749776

631215824

631215832

689507560

689507592

689507592

689507592

689507592

689472096

689472368

689472368

689472368

689531864

689532408

689498608

689496904

689497576

689497616

689497616

631215728

631215736

631216072

689468704

689468704

689510232

689511400

631215744

631215752

