644661632
688749776
688838192
688835520
689468704
689469296
689470472
689471640
689472808
689473984
689475152
689476320
689477496
689478664
689483344
689484520
689485688
689479832
689481008
689482176
689486856
689486864
689489176
689489184
689489192
689492648
689492656
689494968
689494976
689517192
689517200
689517208
689522216
689522224
689524536
689524544
689526856
689526864
689529176
689529184
689531496
689531504
689533816
689533824
689496712
689497880
689499048
689500216
689501384
689506728
689507896
689509064
689510232
689511400
689511408
689514296
689514304
631215672
631215680
631215688
631215696
631215704
631215712
631215720
631215728
631215736
631215744
631215752
631215760
631215768
631215776
631215784
631215792
631215800
631215808
631215816
631215824
631215832
631215840
631215848
631215856
631215864
631215872
631215880
631215888
631215896
631215904
631215912
631215920
631215928
631215936
631215944
631215952
631215960
695583728
695583736
695583744
631215968
631215976
631215984
689469120
689469144
689469160
689470128
689470160
689470200
689471304
689471336
689471376
689472472
689472504
689472544
689473640
689473672
689473712
689474816
689474848
689474888
689475984
689476016
689476056
689477152
689477184
689477224
689478328
689478360
689478400
689479496
689479528
689479568
689484176
689484208
689484248
689485352
689485384
689485424
689486520
689486552
689486592
689480664
689480696
689480736
689481840
689481872
689481912
689483008
689483040
689483080
689488512
689488584
689488664
689491656
689491768
689491880
689494304
689494376
689494456
689496208
689496264
689496320
689523872
689523944
689524024
689526192
689526264
689526344
689528512
689528584
689528664
689530832
689530904
689530984
689533152
689533224
689533304
689535632
689535704
689535784
689497544
689497576
689497616
689498712
689498744
689498784
689499880
689499912
689499952
689501048
689501080
689501120
689506392
689506424
689506464
689507560
689507592
689507632
689508728
689508760
689508800
689509896
689509928
689509968
689511064
689511096
689511136
689513464
689513560
689513656
689516360
689516456
689516552
689468704
689469296
689470472
689471640
689472808
689473984
689475152
689476320
689477496
689478664
689483344
689484520
689485688
689479832
689481008
689482176
689486856
689486864
689489176
689489184
689489192
689492648
689492656
689494968
689494976
689517192
689517200
689517208
689522216
689522224
689524536
689524544
689526856
689526864
689529176
689529184
689531496
689531504
689533816
689533824
689496712
689497880
689499048
689500216
689501384
689506728
689507896
689509064
689510232
689511400
689511408
689514296
689514304
631215992
631216000
631216008
631216016
631216024
631216032
631216040
631216048
631216056
631216064
631216072
689468704
689469296
689470472
689471640
689472808
689473984
689475152
689476320
689477496
689478664
689483344
689484520
689485688
689479832
689481008
689482176
689486856
689486864
689489176
689489184
689489192
689492648
689492656
689494968
689494976
689517192
689517200
689517208
689522216
689522224
689524536
689524544
689526856
689526864
689529176
689529184
689531496
689531504
689533816
689533824
689496712
689497880
689499048
689500216
689501384
689506728
689507896
689509064
689510232
689511400
689511408
689514296
689514304
631216080
631216088
631216096
631216104
631216112
631216120
631216128
689514760
689515432
689516104
689511864
689512536
689513208
689510424
689510688
689510960
689509256
689509520
689509792
689508088
689508352
689508624
689506920
689507184
689507456
689505752
689506016
689506288
689500408
689500672
689500944
689499240
689499504
689499776
689498072
689498336
689498608
689496904
689497168
689497440
689534184
689534888
689535424
689531864
689532408
689532944
689529544
689530088
689530624
689527224
689527768
689528304
689524904
689525448
689525984
689522584
689523128
689523664
689495248
689495656
689496056
689493016
689493560
689494096
689489728
689490536
689491344
689487224
689487768
689488304
689482368
689482632
689482904
689481200
689481464
689481736
689480024
689480288
689480560
689485880
689486144
689486416
689484712
689484976
689485248
689483536
689483800
689484072
689478856
689479120
689479392
689477688
689477952
689478224
689476512
689476776
689477048
689475344
689475608
689475880
689474176
689474440
689474712
689473000
689473264
689473536
689471832
689472096
689472368
689470664
689470928
689471200
689469488
689469752
689470024
689468792
689468936
689469072
689514296
689514304
689514760
689515432
689516104
689511400
689511408
689511864
689512536
689513208
689510232
689510424
689510688
689510960
689509064
689509256
689509520
689509792
689507896
689508088
689508352
689508624
689506728
689506920
689507184
689507456
689501384
689505752
689506016
689506288
689500216
689500408
689500672
689500944
689499048
689499240
689499504
689499776
689497880
689498072
689498336
689498608
689496712
689496904
689497168
689497440
689533816
689533824
689534184
689534888
689535424
689531496
689531504
689531864
689532408