Scaling Times
3.5755443572998047 6.937066555023193 10.420027017593384 13.893523454666138 18.396486043930054 Serial Times
7.110060930252075 14.105168104171753 22.16838502883911 28.022693634033203 36.59047770500183 
Scaling Times
4.6563122272491455 7.773488759994507 10.14672303199768 13.48366928100586 16.74158239364624 Serial Times
3.6035666465759277 7.0416505336761475 10.535494089126587 14.080142736434937 17.83168911933899 
Scaling Times
3.5258986949920654 6.841383934020996 10.185802698135376 13.990236043930054 16.836949110031128 Serial Times
3.5295331478118896 7.397811412811279 11.315548419952393 14.93412446975708 18.90696883201599 
Scaling Times
3.5200233459472656 2.64213228225708 2.3391640186309814 2.17684268951416 2.009920358657837 Serial Times
3.570042848587036 7.391434192657471 11.393603801727295 14.33005428314209 27.173831701278687 
Scaling Times
4.571251630783081 6.405056715011597 8.454514503479004 8.826284646987915 8.453089952468872 Serial Times
3.5855517387390137 7.119072914123535 10.684107542037964 14.492308378219604 18.29772186279297 
