./Data/homes1
0 0 0 0 2.482858896255493 
./Data/homes1
0 0 0 0 2.323193645477295 
./Data/homes1
0 0 0 0 0 0 0 2.091800832748413 
./Data/homes1
0 0 0 0 0 0 0 1.994522523880005 
./Data/homes1
0 0 0 0 0 0 0 0 0 2.1295117378234862 
./Data/homes1
0 0 0 0 0 0 0 0 0 0 0 0 0 0 0 0 0 0 0 0 0 0 0 0 2.2735126972198487 
./Data/homes12
0 0 0 0 0 0 0 0 0 0 0 0 0 0 0 0 0 0 0 0 0 0 0 0 0.6202480792999268 
./Data/homes1212
0 0 0 0 0 0 0 0 0 0 0 0 0 0 0 0 0 0 0 0 0 0 0 0 3.6850605964660645 
./Data/homestest5
0 0 0 0 0 0 0 0 0 0 0 0 0 0 0 0 0 0 0 0 0 0 0 0 5.274629020690918 
./Data/homestest5
20.332003450393678 
