allhomes
71.01883370876311 46.65460052490234 43.05860996246338 41.1437739610672 37.85726249217987 
homes1
7.822805047035216 6.012928748130798 5.591815304756165 5.4253214597702035 5.149869585037231 
homes2
5.858942890167236 4.630086278915405 4.339572095870971 4.279351282119751 4.039328670501709 
homes3
10.17814326286316 7.412030053138733 6.8243121862411495 6.566707372665405 6.2723961353302 
homes4
6.822660350799561 4.992919135093689 4.697365880012511 4.565936398506166 4.364075922966004 
homes5
6.022830200195312 4.499685406684876 4.231155514717102 4.101788854599 3.921068000793457 
homes6
6.366752862930299 4.66963176727295 4.440375280380249 4.216993880271912 4.032312679290772 
homes7
5.526780867576599 4.100230264663696 4.0247550964355465 3.8294827938079834 3.6723632335662844 
homes8
2.2433639049530028 1.9431808948516844 1.902620601654053 1.9015658617019653 1.8818066120147703 
homes9
5.934247255325317 4.4656366348266605 4.207655239105224 4.109810447692871 3.973121619224548 
homes10
1.6689353466033936 1.5458832740783692 1.5843154668807984 1.5337109565734863 1.6171264171600344 
homes12
1.6121475219726564 1.4245716333389282 1.4049809217453002 1.4395185470581053 1.4602444648742678 
homes13
2.3158443927764893 1.975897765159607 1.9410501718521118 1.927428412437439 1.9226148128509524 
homes14
1.4892571210861207 1.3888695955276489 1.3785934925079344 1.408458757400513 1.4330886840820312 
homes15
0.6725677490234374 0.7348846673965453 0.7680609464645386 0.8330766916275024 0.8889809370040894 
homes1212
13.177941751480102 10.073753809928895 11.375659775733949 9.842489790916444 8.609272336959839 
bighomes100
194.7569598197937 134.88118970394135 123.89953844547271 119.36377215385437 111.67580549716949 
homes1
6.750113773345946 5.332107639312744 5.2967582702636715 5.663231086730956 5.772568511962891 6.032973575592042 6.377412796020508 6.965512752532959 7.090648365020751 6.997477769851685 6.996225595474242 6.90041151046753 6.8430112361907955 6.32202558517456 6.05730881690979 
