homes1212
13.20772626399994 10.861119723320007 10.016154956817626 8.998404598236084 
homes1
7.2170374393463135 6.682066774368287 6.121812391281129 5.851234698295593 
homes2
6.154170680046082 5.813931941986084 5.360132265090942 5.160872054100036 
homes3
11.758984327316286 9.930579352378846 9.10413579940796 8.692524862289428 
homes4
6.9223404169082645 6.332519364356996 5.787607240676881 5.570270562171936 
homes5
6.107295846939086 5.71932065486908 5.21580548286438 4.988336229324341 
homes6
6.406051421165467 6.211828637123108 5.724358534812927 5.2440584897994995 
homes7
5.822385501861572 5.401980280876159 5.019609141349792 4.747257328033448 
homes8
2.3220478057861325 2.3295477867126464 2.2130823373794555 2.187233901023865 
homes9
6.11469533443451 5.655907416343689 5.203593993186951 5.023103427886963 
homes10
1.7359146595001222 1.8121249914169313 1.772782754898071 1.7382979154586793 
homes12
1.659428024291992 1.766197109222412 1.7107846498489379 1.6884427785873417 
homes13
2.3619271039962766 2.3851826906204225 2.2651928424835206 2.218196988105774 
homes14
1.5355602502822874 1.6758955240249633 1.6204572200775147 1.608382749557495 
homes15
0.686337447166443 0.9086211204528809 0.943683409690857 0.9861479282379151 
homes17
12.009021759033203 10.158582925796509 8.320406913757324 7.376509666442871 
